0, 10;
1, 14;
2, 16;
3, 9;
4, 11;
5, 16;
6, 15;
7, 0;
8, 10;
9, 2;
10, 5;
11, 16;
12, 5;
13, 9;
14, 17;
15, 17;
16, 3;
17, 14;
18, 2;
19, 4;
20, 15;
21, 17;
22, 14;
23, 7;
24, 9;
25, 16;
26, 0;
27, 1;
28, 4;
29, 9;
30, 15;
31, 9;
32, 9;
33, 7;
34, 9;
35, 15;
36, 16;
37, 9;
38, 9;
39, 5;
40, 11;
41, 16;
42, 9;
43, 17;
44, 1;
45, 0;
46, 0;
47, 17;
48, 7;
49, 14;
50, 4;
51, 14;
52, 6;
53, 9;
54, 14;
55, 15;
56, 8;
57, 17;
58, 16;
59, 11;
60, 4;
61, 4;
62, 17;
63, 7;
64, 15;
65, 9;
66, 0;
67, 17;
68, 15;
69, 2;
70, 9;
71, 9;
72, 17;
73, 0;
74, 17;
75, 9;
76, 17;
77, 10;
78, 12;
79, 18;
80, 8;
81, 0;
82, 17;
83, 0;
84, 3;
85, 7;
86, 0;
87, 5;
88, 4;
89, 18;
90, 12;
91, 4;
92, 5;
93, 15;
94, 4;
95, 1;
96, 11;
97, 7;
98, 18;
99, 17;
100, 0;
101, 4;
102, 2;
103, 7;
104, 10;
105, 1;
106, 15;
107, 16;
108, 0;
109, 15;
110, 7;
111, 9;
112, 11;
113, 9;
114, 1;
115, 17;
116, 7;
117, 15;
118, 17;
119, 2;
120, 14;
121, 19;
122, 18;
123, 0;
124, 7;
125, 15;
126, 15;
127, 12;
128, 4;
129, 14;
130, 19;
131, 3;
132, 14;
133, 8;
134, 10;
135, 16;
136, 12;
137, 8;
138, 0;
139, 0;
140, 4;
141, 7;
142, 9;
143, 7;
144, 15;
145, 17;
146, 0;
147, 18;
148, 16;
149, 9;
150, 15;
151, 17;
152, 9;
153, 7;
154, 15;
155, 4;
156, 7;
157, 12;
158, 17;
159, 13;
160, 9;
161, 15;
162, 18;
163, 6;
164, 8;
165, 0;
166, 8;
167, 12;
168, 16;
169, 15;
170, 12;
171, 15;
172, 2;
173, 5;
174, 11;
175, 0;
176, 16;
177, 15;
178, 9;
179, 0;
180, 3;
181, 16;
182, 7;
183, 2;
184, 11;
185, 1;
186, 2;
187, 15;
188, 15;
189, 9;
190, 15;
191, 14;
192, 16;
193, 19;
194, 0;
195, 7;
196, 15;
197, 15;
198, 15;
199, 17;
200, 7;
201, 15;
202, 4;
203, 19;
204, 7;
205, 12;
206, 17;
207, 0;
208, 7;
209, 10;
210, 7;
211, 17;
212, 16;
213, 19;
214, 16;
215, 14;
216, 7;
217, 19;
218, 14;
219, 7;
220, 0;
221, 13;
222, 8;
223, 13;
224, 7;
225, 14;
226, 14;
227, 7;
228, 0;
229, 0;
230, 9;
231, 3;
232, 14;
233, 0;
234, 0;
235, 17;
236, 6;
237, 0;
238, 8;
239, 11;
240, 1;
241, 13;
242, 16;
243, 16;
244, 16;
245, 5;
246, 11;
247, 5;
248, 8;
249, 12;
250, 17;
251, 3;
252, 1;
253, 15;
254, 13;
255, 12;
256, 3;
257, 15;
258, 15;
259, 4;
260, 8;
261, 10;
262, 15;
263, 4;
264, 8;
265, 14;
266, 3;
267, 16;
268, 8;
269, 17;
270, 9;
271, 8;
272, 16;
273, 9;
274, 15;
275, 17;
276, 7;
277, 10;
278, 5;
279, 17;
280, 4;
281, 17;
282, 1;
283, 1;
284, 18;
285, 9;
286, 12;
287, 4;
288, 4;
289, 7;
290, 9;
291, 11;
292, 1;
293, 7;
294, 9;
295, 12;
296, 4;
297, 1;
298, 5;
299, 15;
300, 5;
301, 3;
302, 16;
303, 13;
304, 12;
305, 4;
306, 1;
307, 7;
308, 2;
309, 15;
310, 11;
311, 16;
312, 4;
313, 2;
314, 17;
315, 4;
316, 17;
317, 18;
318, 4;
319, 5;
320, 18;
321, 0;
322, 11;
323, 15;
324, 15;
325, 9;
326, 11;
327, 12;
328, 7;
329, 7;
330, 19;
331, 0;
332, 4;
333, 11;
334, 0;
335, 2;
336, 4;
337, 14;
338, 8;
339, 0;
340, 4;
341, 15;
342, 16;
343, 9;
344, 9;
345, 5;
346, 1;
347, 19;
348, 14;
349, 9;
350, 1;
351, 12;
352, 0;
353, 16;
354, 11;
355, 11;
356, 0;
357, 7;
358, 3;
359, 16;
360, 17;
361, 15;
362, 7;
363, 11;
364, 11;
365, 11;
366, 5;
367, 0;
368, 0;
369, 10;
370, 4;
371, 15;
372, 15;
373, 6;
374, 6;
375, 3;
376, 12;
377, 14;
378, 5;
379, 15;
380, 7;
381, 15;
382, 8;
383, 3;
384, 1;
385, 11;
386, 9;
387, 17;
388, 19;
389, 9;
390, 7;
391, 12;
392, 6;
393, 0;
394, 17;
395, 5;
396, 15;
397, 15;
398, 3;
399, 2;
400, 9;
401, 8;
402, 8;
403, 3;
404, 3;
405, 0;
406, 0;
407, 5;
408, 7;
409, 0;
410, 14;
411, 12;
412, 9;
413, 3;
414, 8;
415, 9;
416, 15;
417, 12;
418, 0;
419, 9;
420, 15;
421, 17;
422, 7;
423, 9;
424, 2;
425, 19;
426, 2;
427, 16;
428, 2;
429, 17;
430, 15;
431, 9;
432, 3;
433, 8;
434, 7;
435, 13;
436, 12;
437, 7;
438, 16;
439, 13;
440, 11;
441, 5;
442, 13;
443, 6;
444, 12;
445, 16;
