0, 10;
1, 2;
2, 17;
3, 9;
4, 15;
5, 12;
6, 5;
7, 13;
8, 5;
9, 11;
10, 11;
11, 16;
12, 16;
13, 15;
14, 12;
15, 12;
16, 0;
17, 12;
18, 4;
19, 3;
20, 16;
21, 5;
22, 5;
23, 11;
24, 16;
25, 16;
26, 5;
27, 7;
28, 15;
29, 2;
30, 17;
31, 16;
32, 17;
33, 15;
34, 19;
35, 13;
36, 17;
37, 7;
38, 16;
39, 15;
40, 9;
41, 9;
42, 9;
43, 5;
44, 16;
45, 9;
46, 7;
47, 4;
48, 1;
49, 0;
50, 17;
51, 9;
52, 5;
53, 11;
54, 0;
55, 1;
56, 17;
57, 17;
58, 0;
59, 0;
60, 7;
61, 0;
62, 9;
63, 3;
64, 14;
65, 15;
66, 9;
67, 13;
68, 11;
69, 17;
70, 0;
71, 11;
72, 19;
73, 9;
74, 7;
75, 5;
76, 15;
77, 9;
78, 0;
79, 17;
80, 16;
81, 2;
82, 9;
83, 10;
84, 17;
85, 15;
86, 17;
87, 9;
88, 17;
89, 9;
90, 12;
91, 10;
92, 0;
93, 0;
94, 9;
95, 19;
96, 13;
97, 17;
98, 9;
99, 11;
100, 8;
101, 18;
102, 16;
103, 9;
104, 5;
105, 13;
106, 17;
107, 16;
108, 1;
109, 2;
110, 9;
111, 4;
112, 7;
113, 0;
114, 9;
115, 2;
116, 17;
117, 9;
118, 1;
119, 1;
120, 16;
121, 15;
122, 15;
123, 7;
124, 9;
125, 6;
126, 9;
127, 1;
128, 0;
129, 7;
130, 0;
131, 9;
132, 2;
133, 14;
134, 19;
135, 18;
136, 0;
137, 7;
138, 16;
139, 2;
140, 12;
141, 7;
142, 2;
143, 19;
144, 17;
145, 11;
146, 8;
147, 14;
148, 16;
149, 12;
150, 14;
151, 14;
152, 0;
153, 0;
154, 0;
155, 9;
156, 7;
157, 15;
158, 9;
159, 16;
160, 18;
161, 9;
162, 7;
163, 5;
164, 4;
165, 9;
166, 7;
167, 15;
168, 7;
169, 12;
170, 12;
171, 10;
172, 9;
173, 5;
174, 18;
175, 14;
176, 16;
177, 12;
178, 3;
179, 2;
180, 14;
181, 15;
182, 2;
183, 12;
184, 2;
185, 0;
186, 1;
187, 16;
188, 7;
189, 15;
190, 8;
191, 2;
192, 6;
193, 5;
194, 19;
195, 16;
196, 7;
197, 19;
198, 15;
199, 16;
200, 4;
201, 5;
202, 0;
203, 4;
204, 19;
205, 7;
206, 12;
207, 9;
208, 9;
209, 9;
210, 10;
211, 9;
212, 17;
213, 9;
214, 19;
215, 5;
216, 14;
217, 7;
218, 4;
219, 14;
220, 0;
221, 0;
222, 14;
223, 4;
224, 14;
225, 7;
226, 14;
227, 8;
228, 16;
229, 17;
230, 8;
231, 8;
232, 17;
233, 3;
234, 8;
235, 16;
236, 5;
237, 0;
238, 2;
239, 16;
240, 14;
241, 6;
242, 5;
243, 0;
244, 15;
245, 12;
246, 0;
247, 12;
248, 13;
249, 12;
250, 8;
251, 8;
252, 15;
253, 17;
254, 11;
255, 5;
256, 3;
257, 15;
258, 5;
259, 15;
260, 14;
261, 11;
262, 18;
263, 14;
264, 9;
265, 5;
266, 17;
267, 3;
268, 15;
269, 8;
270, 0;
271, 5;
272, 5;
273, 0;
274, 9;
275, 1;
276, 0;
277, 11;
278, 5;
279, 0;
280, 17;
281, 14;
282, 13;
283, 5;
284, 2;
285, 2;
286, 5;
287, 0;
288, 0;
289, 9;
290, 3;
291, 17;
292, 7;
293, 3;
294, 17;
295, 6;
296, 14;
297, 17;
298, 5;
299, 11;
300, 15;
301, 8;
302, 3;
303, 6;
304, 9;
305, 12;
306, 9;
307, 12;
308, 15;
309, 3;
310, 0;
311, 5;
312, 12;
313, 16;
314, 12;
315, 1;
316, 0;
317, 12;
318, 0;
319, 15;
320, 4;
321, 3;
322, 14;
323, 8;
324, 11;
325, 3;
326, 14;
327, 11;
328, 0;
329, 3;
330, 0;
331, 8;
332, 14;
333, 8;
334, 10;
335, 0;
336, 9;
337, 0;
338, 14;
339, 3;
340, 14;
341, 8;
342, 16;
343, 17;
344, 8;
345, 16;
346, 9;
347, 5;
348, 7;
349, 7;
350, 10;
351, 5;
352, 16;
353, 4;
354, 7;
355, 9;
356, 1;
357, 18;
358, 9;
359, 12;
360, 4;
361, 4;
362, 7;
363, 17;
364, 0;
365, 9;
366, 17;
367, 9;
368, 12;
369, 4;
370, 1;
371, 3;
372, 15;
373, 15;
374, 1;
375, 6;
376, 10;
377, 12;
378, 16;
379, 9;
380, 9;
381, 5;
382, 0;
383, 7;
384, 7;
385, 11;
386, 18;
387, 9;
388, 5;
389, 19;
390, 15;
391, 11;
392, 15;
393, 9;
394, 9;
395, 11;
396, 12;
397, 17;
398, 7;
399, 19;
400, 0;
401, 19;
402, 4;
403, 11;
404, 8;
405, 2;
406, 4;
407, 13;
408, 11;
409, 0;
410, 4;
411, 8;
412, 8;
413, 7;
414, 7;
415, 8;
416, 1;
417, 8;
418, 4;
419, 1;
420, 14;
421, 13;
